99999999999999999999999999999999999999999999999999
9                                                9
9                                                9
9              W               9                 9
9    6                   11    9                 9
9    6                   22    9                 9
9    6                   33    9                 9
9    6                   44    9                 9
9    3                   55    9    99999999999999
9    33336636633         66    9    9            9
9    3                   77    9    9  	    444  9
9    6                   88    999999        W4  9
9    6                   99                 444  9
9    6            999999999                      9
9    6            999999999                 444  9
9                              999999        W4  9
9                              9    9       444  9
9    999999999            6    9    9            9
9    999999999            6    9    99999999999999
9    99                   6    9                 9
9    88                   6    9                 9
9    77                   3                      9
9    66         33366366333             22       9
9    55                   3                      9
9    44                   6    9       3333      9
9    33                   6    9     2 3333 2    9
9    22                   6    9     2 3333 2    9
9    11                   6    9       3333      9
9               W              9                 9
9                              9        22       9
9                              9                 9
99999999999999999999999999999999999999999999999999
